﻿C13. What was your relationship to the alleged victim(s) of your current conviction? (Victim 1),Frequency,Percent,Valid Percent,Cumulative Percent
Spouse,26,8,8.7,8.7
Dating,25,7.6,8.4,17.1
Romantic,13,4,4.4,21.5
Parent,16,4.9,5.4,26.8
Child,56,17.1,18.8,45.6
Family,16,4.9,5.4,51
Friend,26,8,8.7,59.7
Aquaintance,26,8,8.7,68.5
Dealer/Trafficker,14,4.3,4.7,73.2
Stranger,65,19.9,21.8,95
Other,15,4.6,5,100
